"","index","pred","pred_opt"
"1",0,0.04,100
"2",1,0.04,100
"3",2,0.04,100
"4",3,0.04,100
"5",4,0.04,100
"6",5,0.04,100
"7",6,0.04,100
"8",7,0.04,100
"9",8,0.04,100
"10",9,0.04,100
"11",10,0.04,100
"12",11,0.04,100
"13",12,0.04,100
"14",13,0.04,100
"15",14,0.04,100
"16",15,0.04,100
"17",16,0.04,100
"18",17,0.04,100
"19",18,0.04,100
"20",19,0.04,100
"21",20,0.04,100
"22",21,0.04,100
"23",22,0.04,100
"24",23,0.04,100
"25",24,0.05,100
"26",25,0.04,100
"27",26,0.04,100
"28",27,0.04,100
"29",28,0.04,100
"30",29,0.04,100
"31",30,0.04,100
"32",31,0.04,100
"33",32,0.04,100
"34",33,0.04,100
"35",34,0.04,100
"36",35,0.04,100
"37",36,0.04,100
"38",37,0.04,100
"39",38,0.04,100
"40",39,0.04,100
"41",40,0.04,100
"42",41,0.04,100
"43",42,0.04,100
"44",43,0.04,100
"45",44,0.04,100
"46",45,0.04,100
"47",46,0.04,100
"48",47,0.03,100
"49",48,0.04,100
"50",49,0.03,100
"51",50,0.05,100
"52",51,0.04,100
"53",52,0.04,100
"54",53,0.04,100
"55",54,0.04,100
"56",55,0.05,100
"57",56,0.04,100
"58",57,0.04,100
"59",58,0.04,100
"60",59,0.04,100
"61",60,0.03,100
"62",61,0.05,100
"63",62,0.04,100
"64",63,0.04,100
"65",64,0.03,100
"66",65,0.04,100
"67",66,0.04,100
"68",67,0.04,100
"69",68,0.04,100
"70",69,0.06,100
"71",70,0.05,100
"72",71,0.04,100
"73",72,0.04,100
"74",73,0.04,100
"75",74,0.05,100
"76",75,0.05,100
"77",76,0.04,100
"78",77,0.04,100
"79",78,0.04,100
"80",79,0.04,100
"81",80,0.05,100
"82",81,0.05,100
"83",82,0.04,100
"84",83,0.04,100
"85",84,0.05,100
"86",85,0.04,100
"87",86,0.04,100
"88",87,0.06,100
"89",88,0.04,100
"90",89,0.06,100
"91",90,0.04,100
"92",91,0.04,100
"93",92,0.04,100
"94",93,0.04,100
"95",94,0.05,100
"96",95,0.05,100
"97",96,0.04,100
"98",97,0.04,100
"99",98,0.04,100
"100",99,0.04,100
"101",100,0.04,100
"102",101,0.04,100
"103",102,0.04,100
"104",103,0.04,100
"105",104,0.06,100
"106",105,0.04,100
"107",106,0.03,100
"108",107,0.04,100
"109",108,0.04,100
"110",109,0.04,100
"111",110,0.04,100
"112",111,0.04,100
"113",112,0.04,100
"114",113,0.05,100
"115",114,0.03,100
"116",115,0.04,100
"117",116,0.04,100
"118",117,0.03,100
"119",118,0.04,100
"120",119,0.04,100
"121",120,0.04,100
"122",121,0.03,100
"123",122,0.04,100
"124",123,0.04,100
"125",124,0.04,100
"126",125,0.05,100
"127",126,0.03,100
"128",127,0.04,100
"129",128,0.05,100
"130",129,0.04,100
"131",130,0.04,100
"132",131,0.05,100
"133",132,0.06,100
"134",133,0.04,100
"135",134,0.05,100
"136",135,0.04,100
"137",136,0.03,100
"138",137,0.04,100
"139",138,0.04,100
"140",139,0.04,100
"141",140,0.04,100
"142",141,0.04,100
"143",142,0.04,100
"144",143,0.04,100
"145",144,0.04,100
"146",145,0.04,100
"147",146,0.04,100
"148",147,0.05,100
"149",148,0.04,100
"150",149,0.04,100
"151",150,0.05,100
"152",151,0.09,100
"153",152,0.04,100
"154",153,0.04,100
"155",154,0.04,100
"156",155,0.05,100
"157",156,0.04,100
"158",157,0.04,100
"159",158,0.04,100
"160",159,0.07,100
"161",160,0.05,100
"162",161,0.04,100
"163",162,0.05,100
"164",163,0.04,100
"165",164,0.04,100
"166",165,0.04,100
"167",166,0.05,100
"168",167,0.05,100
"169",168,0.05,100
"170",169,0.04,100
"171",170,0.05,100
"172",171,0.04,100
"173",172,0.06,100
"174",173,0.04,100
"175",174,0.05,100
"176",175,0.04,100
"177",176,0.04,100
"178",177,0.04,100
"179",178,0.05,100
"180",179,0.04,100
"181",180,0.04,100
"182",181,0.03,100
"183",182,0.04,100
"184",183,0.05,100
"185",184,0.04,100
"186",185,0.04,100
"187",186,0.04,100
"188",187,0.04,100
"189",188,0.06,100
"190",189,0.05,100
"191",190,0.04,100
"192",191,0.03,100
"193",192,0.04,100
"194",193,0.05,100
"195",194,0.05,100
"196",195,0.05,100
"197",196,0.05,100
"198",197,0.03,100
"199",198,0.05,100
"200",199,0.1,100
"201",200,0.04,100
"202",201,0.04,100
"203",202,0.04,100
"204",203,0.03,100
"205",204,0.05,100
"206",205,0.05,100
"207",206,0.05,100
"208",207,0.04,100
"209",208,0.04,100
"210",209,0.04,100
"211",210,0.04,100
"212",211,0.03,100
"213",212,0.04,100
"214",213,0.04,100
"215",214,0.07,100
"216",215,0.1,100
"217",216,0.05,100
"218",217,0.04,100
"219",218,0.1,100
"220",219,0.05,100
"221",220,0.04,100
"222",221,0.05,100
"223",222,0.06,100
"224",223,0.04,100
"225",224,0.04,100
"226",225,0.06,100
"227",226,0.05,100
"228",227,0.05,100
"229",228,0.04,100
"230",229,0.04,100
"231",230,0.06,100
"232",231,0.04,100
"233",232,0.07,100
"234",233,0.06,100
"235",234,0.04,100
"236",235,0.04,100
"237",236,0.04,100
"238",237,0.04,100
"239",238,0.05,100
"240",239,0.04,100
"241",240,0.05,100
"242",241,0.04,100
"243",242,0.04,100
"244",243,0.09,100
"245",244,0.04,100
"246",245,0.05,100
"247",246,0.05,100
"248",247,0.05,100
"249",248,0.05,100
"250",249,0.07,100
"251",250,0.07,100
"252",251,0.04,100
"253",252,0.04,100
"254",253,0.05,100
"255",254,0.05,100
"256",255,0.04,100
"257",256,0.05,100
"258",257,0.04,100
"259",258,0.06,100
"260",259,0.05,100
"261",260,0.04,100
"262",261,0.06,100
"263",262,0.09,100
"264",263,0.04,100
"265",264,0.04,100
"266",265,0.06,100
"267",266,0.05,100
"268",267,0.03,100
"269",268,0.04,100
"270",269,0.04,100
"271",270,0.06,100
"272",271,0.07,100
"273",272,0.04,100
"274",273,0.07,100
"275",274,0.1,100
"276",275,0.06,100
"277",276,0.04,100
"278",277,0.05,100
"279",278,0.05,100
"280",279,0.06,100
"281",280,0.07,100
"282",281,0.04,100
"283",282,0.06,100
"284",283,0.05,100
"285",284,0.05,100
"286",285,0.09,100
"287",286,0.06,100
"288",287,0.06,100
"289",288,0.06,100
"290",289,0.05,100
"291",290,0.05,100
"292",291,0.05,100
"293",292,0.06,100
"294",293,0.06,100
"295",294,0.05,100
"296",295,0.05,100
"297",296,0.04,100
"298",297,0.04,100
"299",298,0.04,100
"300",299,0.04,100
"301",300,0.05,100
"302",301,0.05,100
"303",302,0.04,100
"304",303,0.04,100
"305",304,0.06,100
"306",305,0.05,100
"307",306,0.1,100
"308",307,0.05,100
"309",308,0.09,100
"310",309,0.05,100
"311",310,0.05,100
"312",311,0.07,100
"313",312,0.06,100
"314",313,0.05,100
"315",314,0.05,100
"316",315,0.04,100
"317",316,0.05,100
"318",317,0.04,100
"319",318,0.06,100
"320",319,0.09,100
"321",320,0.07,100
"322",321,0.09,100
"323",322,0.05,100
"324",323,0.04,100
"325",324,0.04,100
"326",325,0.12,100
"327",326,0.04,100
"328",327,0.04,100
"329",328,0.05,100
"330",329,0.06,100
"331",330,0.04,100
"332",331,0.08,100
"333",332,0.09,100
"334",333,0.06,100
"335",334,0.05,100
"336",335,0.06,100
"337",336,0.05,100
"338",337,0.06,100
"339",338,0.04,100
"340",339,0.1,100
"341",340,0.06,100
"342",341,0.06,100
"343",342,0.06,100
"344",343,0.04,100
"345",344,0.05,100
"346",345,0.06,100
"347",346,0.04,100
"348",347,0.05,100
"349",348,0.04,100
"350",349,0.14,100
"351",350,0.05,100
"352",351,0.07,100
"353",352,0.06,100
"354",353,0.08,100
"355",354,0.04,100
"356",355,0.07,100
"357",356,0.06,100
"358",357,0.04,100
"359",358,0.06,100
"360",359,0.06,100
"361",360,0.06,100
"362",361,0.05,100
"363",362,0.05,100
"364",363,0.04,100
"365",364,0.06,100
"366",365,0.04,100
"367",366,0.11,100
"368",367,0.09,100
"369",368,0.07,100
"370",369,0.07,100
"371",370,0.06,100
"372",371,0.05,100
"373",372,0.06,100
"374",373,0.07,100
"375",374,0.1,100
"376",375,0.05,100
"377",376,0.09,100
"378",377,0.09,100
"379",378,0.07,100
"380",379,0.1,100
"381",380,0.08,100
"382",381,0.06,100
"383",382,0.06,100
"384",383,0.05,100
"385",384,0.04,100
"386",385,0.06,100
"387",386,0.04,100
"388",387,0.08,100
"389",388,0.11,100
"390",389,0.05,100
"391",390,0.1,100
"392",391,0.1,100
"393",392,0.1,100
"394",393,0.11,100
"395",394,0.06,100
"396",395,0.04,100
"397",396,0.05,100
"398",397,0.06,100
"399",398,0.06,100
"400",399,0.06,100
"401",400,0.05,50
"402",401,0.05,50
"403",402,0.04,50
"404",403,0.07,50
"405",404,0.08,50
"406",405,0.07,50
"407",406,0.09,50
"408",407,0.07,50
"409",408,0.05,50
"410",409,0.06,50
"411",410,0.1,50
"412",411,0.06,50
"413",412,0.04,50
"414",413,0.16,50
"415",414,0.06,50
"416",415,0.07,50
"417",416,0.1,50
"418",417,0.11,50
"419",418,0.06,50
"420",419,0.07,50
"421",420,0.11,50
"422",421,0.04,50
"423",422,0.06,50
"424",423,0.09,50
"425",424,0.07,50
"426",425,0.06,50
"427",426,0.04,50
"428",427,0.05,50
"429",428,0.09,50
"430",429,0.13,50
"431",430,0.07,50
"432",431,0.08,50
"433",432,0.06,50
"434",433,0.04,50
"435",434,0.07,50
"436",435,0.04,50
"437",436,0.11,50
"438",437,0.07,50
"439",438,0.06,50
"440",439,0.07,50
"441",440,0.07,50
"442",441,0.08,50
"443",442,0.07,50
"444",443,0.05,50
"445",444,0.11,50
"446",445,0.08,50
"447",446,0.05,50
"448",447,0.08,50
"449",448,0.08,50
"450",449,0.04,50
"451",450,0.07,50
"452",451,0.06,50
"453",452,0.11,50
"454",453,0.12,50
"455",454,0.07,50
"456",455,0.1,50
"457",456,0.05,50
"458",457,0.07,50
"459",458,0.07,50
"460",459,0.08,50
"461",460,0.15,50
"462",461,0.09,50
"463",462,0.06,50
"464",463,0.16,50
"465",464,0.2,50
"466",465,0.08,50
"467",466,0.07,50
"468",467,0.06,50
"469",468,0.08,50
"470",469,0.08,50
"471",470,0.07,50
"472",471,0.04,50
"473",472,0.07,50
"474",473,0.09,50
"475",474,0.06,50
"476",475,0.07,50
"477",476,0.09,50
"478",477,0.09,50
"479",478,0.06,50
"480",479,0.08,50
"481",480,0.08,50
"482",481,0.06,50
"483",482,0.06,50
"484",483,0.1,50
"485",484,0.07,50
"486",485,0.08,50
"487",486,0.07,50
"488",487,0.1,50
"489",488,0.1,50
"490",489,0.12,50
"491",490,0.1,50
"492",491,0.06,50
"493",492,0.18,50
"494",493,0.11,50
"495",494,0.05,50
"496",495,0.1,50
"497",496,0.15,50
"498",497,0.09,50
"499",498,0.06,50
"500",499,0.15,50
"501",500,0.16,50
"502",501,0.1,50
"503",502,0.06,50
"504",503,0.07,50
"505",504,0.06,50
"506",505,0.1,50
"507",506,0.05,50
"508",507,0.06,50
"509",508,0.11,50
"510",509,0.06,50
"511",510,0.08,50
"512",511,0.08,50
"513",512,0.05,50
"514",513,0.06,50
"515",514,0.17,50
"516",515,0.06,50
"517",516,0.06,50
"518",517,0.06,50
"519",518,0.15,50
"520",519,0.06,50
"521",520,0.07,50
"522",521,0.07,50
"523",522,0.07,50
"524",523,0.06,50
"525",524,0.06,50
"526",525,0.07,50
"527",526,0.09,50
"528",527,0.12,50
"529",528,0.16,50
"530",529,0.07,50
"531",530,0.06,50
"532",531,0.07,50
"533",532,0.06,50
"534",533,0.13,50
"535",534,0.05,50
"536",535,0.14,50
"537",536,0.06,50
"538",537,0.05,50
"539",538,0.07,50
"540",539,0.06,50
"541",540,0.19,50
"542",541,0.11,50
"543",542,0.06,50
"544",543,0.06,50
"545",544,0.08,50
"546",545,0.1,50
"547",546,0.07,50
"548",547,0.1,50
"549",548,0.07,50
"550",549,0.06,50
"551",550,0.07,50
"552",551,0.1,50
"553",552,0.08,50
"554",553,0.05,50
"555",554,0.09,50
"556",555,0.11,50
"557",556,0.07,50
"558",557,0.1,50
"559",558,0.07,50
"560",559,0.18,50
"561",560,0.1,50
"562",561,0.08,50
"563",562,0.15,50
"564",563,0.1,50
"565",564,0.07,50
"566",565,0.07,50
"567",566,0.14,50
"568",567,0.07,50
"569",568,0.1,50
"570",569,0.13,50
"571",570,0.06,50
"572",571,0.06,50
"573",572,0.09,50
"574",573,0.06,50
"575",574,0.15,50
"576",575,0.06,50
"577",576,0.04,50
"578",577,0.07,50
"579",578,0.06,50
"580",579,0.14,50
"581",580,0.06,50
"582",581,0.06,50
"583",582,0.11,50
"584",583,0.24,50
"585",584,0.06,50
"586",585,0.06,50
"587",586,0.11,50
"588",587,0.07,50
"589",588,0.06,50
"590",589,0.1,50
"591",590,0.06,50
"592",591,0.11,50
"593",592,0.08,50
"594",593,0.06,50
"595",594,0.23,50
"596",595,0.06,50
"597",596,0.07,50
"598",597,0.1,50
"599",598,0.07,50
"600",599,0.08,50
"601",600,0.2,0
"602",601,0.11,0
"603",602,0.08,0
"604",603,0.04,0
"605",604,0.09,0
"606",605,0.24,0
"607",606,0.13,0
"608",607,0.06,0
"609",608,0.12,0
"610",609,0.05,0
"611",610,0.11,0
"612",611,0.13,0
"613",612,0.06,0
"614",613,0.07,0
"615",614,0.12,0
"616",615,0.09,0
"617",616,0.21,0
"618",617,0.06,0
"619",618,0.11,0
"620",619,0.21,0
"621",620,0.16,0
"622",621,0.07,0
"623",622,0.13,0
"624",623,0.06,0
"625",624,0.09,0
"626",625,0.06,0
"627",626,0.08,0
"628",627,0.06,0
"629",628,0.07,0
"630",629,0.08,0
"631",630,0.15,0
"632",631,0.07,0
"633",632,0.06,0
"634",633,0.06,0
"635",634,0.08,0
"636",635,0.07,0
"637",636,0.09,0
"638",637,0.07,0
"639",638,0.08,0
"640",639,0.17,0
"641",640,0.09,0
"642",641,0.09,0
"643",642,0.05,0
"644",643,0.12,0
"645",644,0.07,0
"646",645,0.1,0
"647",646,0.21,0
"648",647,0.05,0
"649",648,0.06,0
"650",649,0.07,0
"651",650,0.07,0
"652",651,0.19,0
"653",652,0.09,0
"654",653,0.3,0
"655",654,0.11,0
"656",655,0.05,0
"657",656,0.1,0
"658",657,0.1,0
"659",658,0.07,0
"660",659,0.15,0
"661",660,0.22,0
"662",661,0.19,0
"663",662,0.07,0
"664",663,0.28,0
"665",664,0.06,0
"666",665,0.1,0
"667",666,0.15,0
"668",667,0.23,0
"669",668,0.08,0
"670",669,0.11,0
"671",670,0.05,0
"672",671,0.14,0
"673",672,0.06,0
"674",673,0.06,0
"675",674,0.06,0
"676",675,0.23,0
"677",676,0.16,0
"678",677,0.09,0
"679",678,0.13,0
"680",679,0.13,0
"681",680,0.06,0
"682",681,0.13,0
"683",682,0.11,0
"684",683,0.24,0
"685",684,0.19,0
"686",685,0.07,0
"687",686,0.06,0
"688",687,0.22,0
"689",688,0.08,0
"690",689,0.11,0
"691",690,0.07,0
"692",691,0.07,0
"693",692,0.12,0
"694",693,0.12,0
"695",694,0.06,0
"696",695,0.09,0
"697",696,0.11,0
"698",697,0.12,0
"699",698,0.08,0
"700",699,0.33,0
"701",700,0.07,0
"702",701,0.2,0
"703",702,0.15,0
"704",703,0.23,0
"705",704,0.07,0
"706",705,0.27,0
"707",706,0.06,0
"708",707,0.09,0
"709",708,0.17,0
"710",709,0.22,0
"711",710,0.11,0
"712",711,0.17,0
"713",712,0.11,0
"714",713,0.08,0
"715",714,0.24,0
"716",715,0.17,0
"717",716,0.05,0
"718",717,0.06,0
"719",718,0.06,0
"720",719,0.12,0
"721",720,0.06,0
"722",721,0.23,0
"723",722,0.06,0
"724",723,0.08,0
"725",724,0.15,0
"726",725,0.22,0
"727",726,0.12,0
"728",727,0.12,0
"729",728,0.07,0
"730",729,0.15,0
"731",730,0.25,0
"732",731,0.09,0
"733",732,0.21,0
"734",733,0.07,0
"735",734,0.23,0
"736",735,0.07,0
"737",736,0.06,0
"738",737,0.18,0
"739",738,0.23,0
"740",739,0.24,0
"741",740,0.25,0
"742",741,0.1,0
"743",742,0.06,0
"744",743,0.18,0
"745",744,0.12,0
"746",745,0.23,0
"747",746,0.21,0
"748",747,0.22,0
"749",748,0.07,0
"750",749,0.17,0
"751",750,0.2,0
"752",751,0.21,0
"753",752,0.19,0
"754",753,0.07,0
"755",754,0.06,0
"756",755,0.13,0
"757",756,0.21,0
"758",757,0.15,0
"759",758,0.09,0
"760",759,0.22,0
"761",760,0.26,0
"762",761,0.14,0
"763",762,0.17,0
"764",763,0.1,0
"765",764,0.19,0
"766",765,0.21,0
"767",766,0.06,0
"768",767,0.11,0
"769",768,0.18,0
"770",769,0.2,0
"771",770,0.29,0
"772",771,0.28,0
"773",772,0.23,0
"774",773,0.16,0
"775",774,0.19,0
"776",775,0.06,0
"777",776,0.07,0
"778",777,0.18,0
"779",778,0.08,0
"780",779,0.26,0
"781",780,0.11,0
"782",781,0.25,0
"783",782,0.2,0
"784",783,0.21,0
"785",784,0.07,0
"786",785,0.11,0
"787",786,0.19,0
"788",787,0.16,0
"789",788,0.22,0
"790",789,0.23,0
"791",790,0.06,0
"792",791,0.2,0
"793",792,0.17,0
"794",793,0.14,0
"795",794,0.14,0
"796",795,0.12,0
"797",796,0.2,0
"798",797,0.21,0
"799",798,0.2,0
"800",799,0.24,0
"801",800,0.25,0
"802",801,0.19,0
"803",802,0.11,0
"804",803,0.07,0
"805",804,0.24,0
"806",805,0.23,0
"807",806,0.22,0
"808",807,0.19,0
"809",808,0.24,0
"810",809,0.19,0
"811",810,0.11,0
"812",811,0.15,0
"813",812,0.2,0
"814",813,0.12,0
"815",814,0.19,0
"816",815,0.21,0
"817",816,0.06,0
"818",817,0.18,0
"819",818,0.09,0
"820",819,0.23,0
"821",820,0.17,0
"822",821,0.23,0
"823",822,0.21,0
"824",823,0.23,0
"825",824,0.24,0
"826",825,0.25,0
"827",826,0.27,0
"828",827,0.22,0
"829",828,0.22,0
"830",829,0.22,0
"831",830,0.25,0
"832",831,0.21,0
"833",832,0.21,0
"834",833,0.1,0
"835",834,0.15,0
"836",835,0.24,0
"837",836,0.23,0
"838",837,0.26,0
"839",838,0.12,0
"840",839,0.21,0
"841",840,0.22,0
"842",841,0.19,0
"843",842,0.2,0
"844",843,0.2,0
"845",844,0.08,0
"846",845,0.23,0
"847",846,0.21,0
"848",847,0.19,0
"849",848,0.13,0
"850",849,0.22,0
"851",850,0.21,0
"852",851,0.2,0
"853",852,0.25,0
"854",853,0.22,0
"855",854,0.27,0
"856",855,0.19,0
"857",856,0.16,0
"858",857,0.19,0
"859",858,0.21,0
"860",859,0.21,0
"861",860,0.22,0
"862",861,0.22,0
"863",862,0.2,0
"864",863,0.2,0
"865",864,0.18,0
"866",865,0.27,0
"867",866,0.08,0
"868",867,0.25,0
"869",868,0.23,0
"870",869,0.23,0
"871",870,0.28,0
"872",871,0.2,0
"873",872,0.15,0
"874",873,0.26,0
"875",874,0.31,0
"876",875,0.15,0
"877",876,0.22,0
"878",877,0.2,0
"879",878,0.21,0
"880",879,0.18,0
"881",880,0.24,0
"882",881,0.19,0
"883",882,0.19,0
"884",883,0.26,0
"885",884,0.21,0
"886",885,0.08,0
"887",886,0.08,0
"888",887,0.08,0
"889",888,0.08,0
"890",889,0.08,0
